
weight: 0.812606630313451   0.797823231662884
loss: -0.365002854760893
%%%%%%%%%%%%%%%%%%%%%%%%%%%%%%%%%
maxiter: 100
report: 1
eps: 1.000000000000000e-04
hspace: 0.010000000000000
line_search_eps: 1.000000000000000e-06
line_search_beta: 0.500000000000000
%%%%%%%%%%%%%%%%%%%%%%%%%%%%%%%%
loss:
    -0.338538127063876
    -0.356290744108863
    -0.364066640638469
    -0.364982944593280
    -0.365002854760893

step:
    1.000000000000000
    1.767903111854735
    3.306979423298679
    4.459230816776557
    33.203583899028672

grad:
  -0.118825962542479   0.060206779439145
  -0.072126926812344   0.047458410853121
  -0.016982389535053   0.014801582390367
  -0.002120843100092   0.002103625204355
  -0.000019561374837  -0.000007859454845

gradnorm:
   0.133208354334781
   0.086339992657498
   0.022527503092422
   0.002987174995813
   0.000021081233739

weight:
   0.618825962542479   0.939793220560855
   0.746339380902540   0.855891348329941
   0.802499793653403   0.806942819932738
   0.811957122562883   0.797562269594528
   0.812606630313451   0.797823231662884

fdd:
 -10.688911329776451
   0.565641857460664
   0.302390753614823
   0.224253922052609
   0.030117230809812

time:
   1.0e+02 *
   2.184359163000000
   2.398617526000000
   2.594562199000000
   2.738335611000000
   2.769899960000000