
%%%%%%%%%%%%%%%%%%%%%%%%%%%

maxiter: 100
report: 1
eps: 1.0000e-04
hspace: 0.0100
line_search_eps: 1.0000e-06
line_search_beta: 0.5000

%%%%%%%%%%%%%%%%%%%%%%%%%%
loss
  -0.365444948765285
  -0.365445239371310
  -0.365445406812685
  -0.365445629197257
  -0.365445733743253
  -0.365445623329609
  -0.365445763075121
  -0.365445845796852
grad

   1.0e-03 *

  -0.296171746128060  -0.005751933196407   0.254856045769913
  -0.143526093723811   0.231791069413290  -0.143525261495081
  -0.209645486592969  -0.010831454319571   0.177982086368988
  -0.109687559460281   0.139826656436748  -0.097402608900676
  -0.147531994468264  -0.022970918445164   0.133082375000648
  -0.070371583046902   0.097452786984586  -0.059383285730408
  -0.101328545476509  -0.036197457542464   0.078571328657184
  -0.058275416606191   0.060296409304383  -0.049640519020344

weight

   0.799030066683923   0.797906807601860   0.796898851993470
   0.799696480476570   0.796830565911853   0.797565261921951
   0.800502607788509   0.796872214941827   0.796880886488023
   0.801063756186675   0.796156878538443   0.797379186552595
   0.801569806434793   0.796235671203183   0.796922700018050
   0.801939323826424   0.795723951868553   0.797234518452416
   0.802267978392292   0.795841356689062   0.796979675892621
   0.802600748436751   0.795497046172322   0.797263138091322

grad_norm
   1.0e-03 *

   0.390771534282522
   0.308101184883480
   0.275220227308491
   0.202657649180314
   0.200010677269518
   0.134073039854139
   0.133233568397303
   0.097446715102337

fdd

   0.258551048079037
   0.215370833118178
   0.260064984138331
   0.195469789843195
   0.291536255572766
   0.190441869965530
   0.308313213933098
   0.175122182950460

time   1.0e+02 *

   4.699015599000000
   5.408698589000000
   5.344873371000000
   4.951390351000000
   4.932685021000000
   4.328851597000000
   4.398669468000000
   4.392916765000000